procs -----------memory---------- ---swap-- -----io---- -system-- -------cpu-------
 r  b   swpd   free   buff  cache   si   so    bi    bo   in   cs us sy id wa st gu
 5  0      0 1019612660  0 20840520  0    0 40894 15266 23020   4  5  1 93  0  0  0
14  0      0 1019563784  0 20840524  0    0   464 22720 31112 54333 9 2 88  0  0  0
 8  0      0 1019576344  0 20840500  0    0   708 25547 26447 47271 9 2 88  0  0  0
 8  1      0 1019569472  0 20840472  0    0    56 122848 35643 93962 9 6 85 0  0  0
 2  0      0 1019571964  0 20840472  0    0   828 27256 23335 55218 8 2 89  1  0  0
 5  0      0 1019570196  0 20840472  0    0   492 24760 38142 69382 9 3 89  0  0  0

EXIT=0
