procs -----------memory---------- ---swap-- -----io---- -system-- -------cpu-------
 r  b   swpd   free   buff  cache   si   so    bi    bo   in   cs us sy id wa st gu
17  0      0 1019668692  0 20840472  0    0 40893 15267 23020   4  5  1 93  0  0  0
13  0      0 1019671760  0 20840468  0    0   600 12292 28113 56548 8 2 90  0  0  0
18  0      0 1019671592  0 20840468  0    0   528 15684 24057 45394 8 2 90  0  0  0
20  0      0 1019671580  0 20840468  0    0   932 15856 22669 44465 8 2 90  0  0  0
17  0      0 1019671376  0 20840468  0    0     0 30144 31187 52002 8 3 89  0  0  0
17  0      0 1019669616  0 20840468  0    0   100 127760 32073 91566 8 6 85 1  0  0

EXIT=0
