procs -----------memory---------- ---swap-- -----io---- -system-- -------cpu-------
 r  b   swpd   free   buff  cache   si   so    bi    bo   in   cs us sy id wa st gu
19  0      0 1019640396  0 20840496  0    0 40895 15265 23019   4  5  1 93  0  0  0
 4  0      0 1019638952  0 20840496  0    0   656  9748 25090 46827 8 2 89  0  0  1
 4  0      0 1019639464  0 20840496  0    0   128 22948 26130 45177 8 2 89  0  0  1
 4  0      0 1019636192  0 20840496  0    0   328 25800 28319 48616 8 3 89  0  0  0
18  0      0 1019638544  0 20840496  0    0     0 22348 28916 51129 8 3 89  0  0  0
17  0      0 1019643776  0 20840496  0    0     0 146724 36331 105726 9 6 84 0 0  0

EXIT=0
