procs -----------memory---------- ---swap-- -----io---- -system-- -------cpu-------
 r  b   swpd   free   buff  cache   si   so    bi    bo   in   cs us sy id wa st gu
 2  0      0 1019647432  0 20840492  0    0 40894 15266 23019   4  5  1 93  0  0  0
13  1      0 1019648508  0 20840492  0    0   928 16992 28496 55451 8 2 89  0  0  0
12  0      0 1019646456  0 20840492  0    0   580 27468 31721 52842 8 2 89  0  0  0
27  0      0 1019684456  0 20840492  0    0     0 28168 39378 73746 9 3 88  0  0  0
 5  2      0 1019681708  0 20840492  0    0  1340 122668 30919 91213 8 6 85 1  0  0
21  1      0 1019678348  0 20840492  0    0  2568 12388 26949 67446 14 3 82 0  0  0

EXIT=0
