procs -----------memory---------- ---swap-- -----io---- -system-- -------cpu-------
 r  b   swpd   free   buff  cache   si   so    bi    bo   in   cs us sy id wa st gu
 9  0      0 1018408972  0 20840488  0    0 40896 15264 23019   4  5  1 93  0  0  0
31  2      0 1018450744  0 20840488  0    0  2472 92840 34003 74943 8 5 86  0  0  0
26  0      0 1018454108  0 20840488  0    0   156 96180 30512 80081 8 4 86  1  0  1
20  0      0 1018454516  0 20840488  0    0   512 20816 33405 65778 8 2 89  0  0  0
18  0      0 1018456112  0 20840488  0    0   204 28441 31308 52492 8 3 89  0  0  0
11  0      0 1018456104  0 20840488  0    0   588 21092 25826 45844 8 3 89  0  0  0

EXIT=0
