procs -----------memory---------- ---swap-- -----io---- -system-- -------cpu-------
 r  b   swpd   free   buff  cache   si   so    bi    bo   in   cs us sy id wa st gu
61  2      0 1021888584  0 20840180  0    0 40912 15253 23013   4  5  1 93  0  0  0
 5  0      0 1021920768  0 20840180  0    0   304 16936 57413 81907 8 5 86  1  0  0
27  0      0 1021919512  0 20840180  0    0     0 20824 24200 42637 8 2 90  0  0  0
13  0      0 1021919572  0 20840180  0    0   928 58872 35397 66689 8 3 88  1  0  0
 4  0      0 1021923092  0 20840184  0    0     0 32372 30877 54718 8 2 90  0  0  0
 3  1      0 1021919760  0 20840188  0    0     0 24544 25085 47601 9 2 88  0  0  0

EXIT=0
