procs -----------memory---------- ---swap-- -----io---- -system-- -------cpu-------
 r  b   swpd   free   buff  cache   si   so    bi    bo   in   cs us sy id wa st gu
 9  0      0 1020778080  0 20839184  0    0 40908 15257 23017   4  5  1 93  0  0  0
 3  1      0 1020728084  0 20839184  0    0   384 63556 34138 70809 8 5 86  1  0  1
20  0      0 1020648764  0 20839184  0    0   896 100450 48752 101097 15 3 80 1 0 1
 4  0      0 1020571652  0 20839184  0    0   304 37344 33630 57973 9 3 87  0  0  1
 4  0      0 1020765928  0 20839184  0    0     0 25572 32726 52871 8 3 89  0  0  1
 6  0      0 1020767316  0 20839184  0    0   176 21150 26391 46104 8 2 89  0  0  1

EXIT=0
