procs -----------memory---------- ---swap-- -----io---- -system-- -------cpu-------
 r  b   swpd   free   buff  cache   si   so    bi    bo   in   cs us sy id wa st gu
12  0      0 1021910300  0 20856024  0    0 40911 15254 23014   4  5  1 93  0  0  0
 5  5      0 1021891576  0 20856024  0    0   168 63428 39310 76910 9 4 87  1  0  0
 1  4      0 1021903372  0 20856024  0    0  4556 75396 46616 94270 8 4 84  4  0  0
 3  2      0 1021905236  0 20856024  0    0   296 45236 31469 61194 8 3 86  3  0  0
15  0      0 1021904712  0 20856024  0    0  6292 81821 72184 111858 9 5 83 4  0  0
15  1      0 1021904828  0 20856024  0    0 13156 17728 56394 81498 9 3 88  1  0  0

EXIT=0
