procs -----------memory---------- ---swap-- -----io---- -system-- -------cpu-------
 r  b   swpd   free   buff  cache   si   so    bi    bo   in   cs us sy id wa st gu
 1  0      0 1021889848  0 20840216  0    0 40910 15255 23016   4  5  1 93  0  0  0
17  1      0 1021887212  0 20840216  0    0   340 32628 29861 48812 8 2 90  0  0  0
 2  0      0 1021887148  0 20840216  0    0   144 46096 30775 53288 8 2 89  0  0  0
17  3      0 1021899444  0 20840216  0    0   128 109124 36360 90854 9 5 86 0  0  0
21  0      0 1021661712  0 20840216  0    0   392 25968 30049 55228 9 2 88  1  0  0
24  0      0 1021638908  0 20840216  0    0    56 31564 32334 55089 9 2 89  0  0  0

EXIT=0
