procs -----------memory---------- ---swap-- -----io---- -system-- -------cpu-------
 r  b   swpd   free   buff  cache   si   so    bi    bo   in   cs us sy id wa st gu
33  1      0 1020982948  0 20840216  0    0 40910 15256 23016   4  5  1 93  0  0  0
13  0      0 1020987244  0 20840216  0    0   156 54020 27611 63527 8 2 89  1  0  0
17  0      0 1020985232  0 20840216  0    0   668 29020 31087 50256 8 3 89  0  0  0
12  0      0 1020986924  0 20840216  0    0   824 27828 33342 54782 8 2 89  0  0  0
 4  0      0 1020987252  0 20840216  0    0   728 16024 27997 49457 8 3 89  0  0  0
 2  0      0 1020987512  0 20840216  0    0  1408 25457 31661 56012 9 2 89  0  0  0

EXIT=0
