procs -----------memory---------- ---swap-- -----io---- -system-- -------cpu-------
 r  b   swpd   free   buff  cache   si   so    bi    bo   in   cs us sy id wa st gu
 6  0      0 1020723876  0 20840228  0    0 40908 15257 23017   4  5  1 93  0  0  0
20  0      0 1020684896  0 20839184  0    0    52 30827 30866 50633 8 2 88  0  0  1
17  0      0 1020679392  0 20839184  0    0   768 23242 29813 48040 8 2 88  0  0  1
21  0      0 1020681164  0 20839184  0    0     0 92492 36063 75322 8 5 85  0  0  1
24  0      0 1020681832  0 20839184  0    0   380 27312 30903 50981 8 3 88  0  0  1
17  0      0 1020683476  0 20839184  0    0   472 18604 27229 47180 8 3 88  0  0  1

EXIT=0
