procs -----------memory---------- ---swap-- -----io---- -system-- -------cpu-------
 r  b   swpd   free   buff  cache   si   so    bi    bo   in   cs us sy id wa st gu
14  0      0 1020870636  0 20840228  0    0 40909 15256 23016   4  5  1 93  0  0  0
19  0      0 1020873160  0 20840228  0    0   360 22576 31720 52729 8 3 88  0  0  1
73  2      0 1020812320  0 20840232  0    0    80 134480 41139 99318 9 5 83 1  0  1
 6  3      0 1020737572  0 20840232  0    0  1040 30056 45049 58753 14 3 81 1  0  1
17  5      0 1020862164  0 20840224  0    0   256 16592 27739 48860 8 2 88  1  0  1
12  1      0 1020865300  0 20840224  0    0   696 22828 31858 53076 8 2 88  0  0  1

EXIT=0
