procs -----------memory---------- ---swap-- -----io---- -system-- -------cpu-------
 r  b   swpd   free   buff  cache   si   so    bi    bo   in   cs us sy id wa st gu
 4  1      0 1019662104  0 20840488  0    0 40896 15265 23019   4  5  1 93  0  0  0
20  1      0 1019661176  0 20840488  0    0  1140 25232 28369 50836 8 2 89  0  0  0
19  0      0 1019661124  0 20840488  0    0   588 18164 27558 50085 9 2 89  0  0  0
12  0      0 1019660744  0 20840488  0    0   544 146300 37554 91699 9 6 84 1  0  0
 3  0      0 1019659512  0 20840496  0    0   452 18124 27476 49266 8 2 89  0  0  0
 6  0      0 1019657756  0 20840496  0    0     0 28084 28505 50153 9 2 89  0  0  0

EXIT=0
