procs -----------memory---------- ---swap-- -----io---- -system-- -------cpu-------
 r  b   swpd   free   buff  cache   si   so    bi    bo   in   cs us sy id wa st gu
21  0      0 1021906716  0 20856024  0    0 40911 15255 23015   4  5  1 93  0  0  0
18  0      0 1021904876  0 20856024  0    0  9692 16384 57268 73325 8 3 88  0  0  0
22  0      0 1021904632  0 20856024  0    0 22360  9248 44148 63510 8 2 88  1  0  0
13  1      0 1021905796  0 20856024  0    0 26468 131144 52120 116577 8 6 84 1 0  0
19  1      0 1021905852  0 20856024  0    0 35576 20528 61990 106169 8 3 88 0  0  0
 4  0      0 1021904572  0 20856024  0    0 12072 24412 55171 72176 8 3 87  1  0  0

EXIT=0
