=== round 1 load (before baseline) ===
 17:57:00 up 18 days, 23:43,  9 users,  load average: 5.00, 4.64, 5.57
 4  0      0 1037072044  0 10117264  0    0 49336 15357 23373   4  5  2 93  0  0  0
 5  0      0 1036874168  0 10117292  0    0     0   500 17854 27996 2 1 97  0  0  0
 2  0      0 1036994920  0 10117264  0    0     0 13520 16222 34261 2 1 97  0  0  0
=== round 1 load (before candidate) ===
 17:58:21 up 18 days, 23:44,  9 users,  load average: 12.76, 7.60, 6.56
 2  0      0 1035224876  0 10117296  0    0 49334 15357 23373   4  5  2 93  0  0  0
 3  0      0 1035222000  0 10117300  0    0     0     0 14425 27764 2 0 98  0  0  0
 2  0      0 1036634992  0 10117300  0    0     0     0 19353 28424 2 0 98  0  0  0
=== round 2 load (before baseline) ===
 17:59:40 up 18 days, 23:45,  9 users,  load average: 22.13, 11.62, 8.04
 1  0      0 1036495776  0 10118128  0    0 49331 15356 23373   4  5  2 93  0  0  0
 1  0      0 1036493344  0 10118132  0    0     0 15860 15528 34006 1 1 98  0  0  0
 2  0      0 1036496476  0 10118132  0    0     0     4 13453 26737 1 0 98  0  0  0
=== round 2 load (before candidate) ===
 18:00:59 up 18 days, 23:47,  9 users,  load average: 17.32, 12.92, 8.81
 2  0      0 1036410804  0 10118132  0    0 49329 15358 23373   4  5  2 93  0  0  0
 3  0      0 1036413112  0 10118132  0    0     0   504 15692 29667 2 2 96  0  0  0
 8  0      0 1036410384  0 10118136  0    0     2   314 19713 26437 2 1 96  0  0  0
=== round 3 load (before baseline) ===
 18:02:21 up 18 days, 23:48,  9 users,  load average: 18.71, 14.91, 9.88
 2  0      0 1036763180  0 10118184  0    0 49326 15361 23373   4  5  2 93  0  0  0
 4  0      0 1036755948  0 10118192  0    0     0    12 16134 27784 1 2 96  0  0  0
 4  0      0 1036756916  0 10118192  0    0    16   260 13432 23976 1 1 97  0  0  0
=== round 3 load (before candidate) ===
 18:03:41 up 18 days, 23:49,  9 users,  load average: 15.35, 15.13, 10.39
 4  0      0 1037498704  0 10117308  0    0 49324 15361 23373   4  5  2 93  0  0  0
 1  1      0 1037500124  0 10117308  0    0     0 76780 17221 43405 1 2 97  0  0  0
 3  0      0 1037500912  0 10117308  0    0     8  2309 13679 27027 1 0 98  0  0  0
