procs -----------memory---------- ---swap-- -----io---- -system-- -------cpu-------
 r  b   swpd   free   buff  cache   si   so    bi    bo   in   cs us sy id wa st gu
18  0      0 1018297596  0 20884948  0    0 40832 15321 23043   4  5  1 93  0  0  0
11  1      0 1018289280  0 20884944  0    0   468 44239 35319 70088 9 4 87  0  0  0
16  0      0 1018310780  0 20884944  0    0     0 115776 26143 91165 8 4 87 0  0  0
14  0      0 1018336652  0 20884944  0    0     0 13864 36597 70181 9 3 88  0  0  0
19  0      0 1018336384  0 20884944  0    0   412 20116 28220 52893 8 2 89  0  0  0
 9  0      0 1018337416  0 20884944  0    0   708 10124 25992 48156 8 2 89  0  0  0

EXIT=0
