procs -----------memory---------- ---swap-- -----io---- -system-- -------cpu-------
 r  b   swpd   free   buff  cache   si   so    bi    bo   in   cs us sy id wa st gu
 3  0      0 1018206568  0 20914396  0    0 40830 15322 23044   4  5  1 93  0  0  0
 8  0      0 1018191320  0 20916164  0    0   552 151683 41226 128864 9 6 85 0 0  0
26  0      0 1018172264  0 20919260  0    0     0 17720 33380 71366 9 2 88  0  0  0
 8  0      0 1018111096  0 20932908  0    0   608 15700 35891 56695 9 3 87  0  0  0
 6  0      0 1018050212  0 20946892  0    0  1660 22112 36787 94946 11 3 85 1  0  0
21  2      0 1018038072  0 20952164  0    0   184 186360 35695 102146 10 7 82 1 0 0

EXIT=0
