=== before candidate round 1 (2026-09-03T22:31:46-04:00) ===
 22:31:46 up 19 days,  4:17, 10 users,  load average: 5.32, 7.30, 8.01
 2  1      0 1029284040  0 16136160  0    0 48892 15363 23345   4  5  2 93  0  0  0
 2  0      0 1029273196  0 16136160  0    0  1512 11067 19025 34032 1 1 97  0  0  0
 4  8      0 1029121124  0 16136180  0    0  3084  4364 19015 34290 9 1 88  2  0  0
=== before candidate round 2 (2026-09-03T22:33:16-04:00) ===
 22:33:16 up 19 days,  4:19, 10 users,  load average: 13.20, 9.98, 8.93
13  0      0 1029245276  0 16135704  0    0 48889 15363 23345   4  5  2 93  0  0  0
 2  0      0 1029234368  0 16135704  0    0  1092 50668 21013 53329 1 3 95  1  0  0
 1  1      0 1029235132  0 16135704  0    0   572   340 15073 31859 1 1 98  0  0  0
=== before candidate round 3 (2026-09-03T22:34:39-04:00) ===
 22:34:39 up 19 days,  4:20, 10 users,  load average: 19.19, 13.09, 10.13
 0  1      0 1029777140  0 16136080  0    0 48887 15363 23346   4  5  2 93  0  0  0
 3  0      0 1029753592  0 16136084  0    0  2508  8287 19739 35397 1 1 97  0  0  0
 4  0      0 1029711848  0 16136148  0    0   308 11080 17989 31074 1 2 97  0  0  0
